**************
-0.26317253 -0.11876427 0.32885332 0.02140656 -0.06512054 -0.04484893 -0.28662714 -0.15806645 0.10133828 -0.09026434 -0.14190667 -0.12505280 -0.08773162 -0.15195333 -0.08280730 -0.06137996 -0.09347166 -0.27801405 0.23609448 -0.03418839 0.04221817 0.16009885 0.01698390 -0.18581352 0.22054469 0.04871773 0.00294921 0.38163797 0.19403306 0.06827197 0.15136124 0.27348453 -0.16230174 0.09452829 0.07709962 0.09054444 -0.06981263 -0.01584116 0.03965449 -0.03268177 
-0.09630507 -0.06151500 0.19894923 0.09871310 -0.01378652 0.18144304 0.01446660 -0.18898285 -0.09759878 -0.17886446 -0.10578756 -0.04267192 -0.06432974 0.13444928 0.24524627 0.04574259 0.16906423 -0.10235820 0.15580613 0.04913612 0.01708982 -0.02466290 0.16190450 0.28102455 -0.26449919 -0.06822511 -0.04540845 -0.15158493 0.26375277 0.17573067 -0.08271903 -0.10474849 0.05145165 0.11729366 -0.22827454 -0.10349189 -0.05963608 0.15400544 0.05058314 -0.48040208 
-0.15044698 -0.14362773 -0.24711696 0.00673623 -0.03946084 -0.04067981 0.14822657 0.08372601 -0.04547646 -0.08951848 -0.26160959 -0.11576797 0.12770134 0.11386568 -0.10036189 0.00924693 0.21406055 0.06782007 -0.07328953 -0.08934544 -0.14671976 0.34048329 -0.19746156 0.07137020 -0.04000674 -0.01219779 -0.01461940 -0.04077642 0.28550241 -0.23276601 0.04301150 0.40227666 0.27811916 0.07058731 -0.01496781 -0.07205103 0.16882637 0.00033819 -0.25981146 -0.00381881 
0.12283822 0.07941018 0.02687733 -0.10137398 0.07157171 0.04757495 0.02148952 0.21896300 -0.22264532 -0.00005780 0.04538778 0.05353340 0.13315805 -0.15094515 0.00702541 -0.02066640 -0.13167718 0.23480451 0.08136510 -0.06026895 0.01939114 0.34736459 -0.02423406 0.17601067 -0.04047828 -0.10458525 -0.23144898 0.28713938 -0.12926056 -0.10095445 0.25937103 -0.11339623 -0.12377902 0.14402455 0.12973891 -0.30466171 -0.34019925 0.01958703 -0.09089365 -0.23510023 
0.12673923 -0.33546720 0.15313122 0.13849553 -0.02037574 -0.06763111 0.20001482 0.17141939 0.15850753 -0.07103851 -0.30145730 0.10143841 -0.22197153 0.07460319 0.07808498 0.23643214 -0.03668824 -0.14190402 0.17993916 0.04502494 0.00843886 0.02857369 -0.08684503 0.10060772 0.16338967 0.12948509 -0.07906703 -0.35784591 -0.23610491 -0.08414397 0.16516362 0.08878723 -0.19076549 -0.14374087 0.12211402 -0.25167145 -0.06313406 0.05371226 0.09032706 0.07542262 
-0.02234349 -0.03868548 -0.14255253 -0.11482453 -0.03530018 -0.08101469 -0.04417065 -0.19870881 0.09338879 -0.19570275 -0.07516857 -0.20751385 0.32699797 0.21111941 -0.02812321 0.31801204 -0.01343653 -0.20846783 0.02895456 0.04195783 -0.06339082 -0.00789879 -0.07473134 0.33636464 0.04512748 0.22559103 0.01588524 0.18873068 -0.17383671 0.03268873 -0.25677115 -0.23612301 -0.02587757 0.15681166 0.24957394 0.09625471 -0.15671357 0.03758590 -0.12929954 0.12561098 
-0.11051666 -0.04451689 0.28060860 -0.06561872 0.20904752 -0.01923553 0.19967684 0.01744574 -0.22400664 -0.12280847 0.04022287 -0.03211835 0.30236659 0.07423058 -0.11579386 0.10261483 0.08075369 -0.22467294 0.07880428 0.18220211 0.10589943 0.01322675 -0.07457966 -0.16532024 -0.11750744 -0.40777611 -0.11704805 -0.02611577 -0.10776764 -0.12939022 0.02962658 -0.01195690 0.07803820 0.08555088 -0.27711151 0.02291169 -0.09235328 0.04542738 0.17032525 0.36723511 
-0.00995751 0.08970346 0.03743737 -0.01333655 0.19907936 -0.16944230 -0.20557989 0.03738738 -0.01063588 -0.20741994 -0.08712238 0.04862585 -0.00579764 -0.26580579 -0.10791577 0.09402054 -0.20170147 0.21412353 0.18309516 -0.20924631 0.12008269 0.18157712 -0.07194341 0.46112026 -0.04267780 -0.04744800 0.02377156 -0.15466229 0.15584368 0.05693524 -0.10872241 -0.02629146 -0.03138263 -0.21781462 -0.17945487 0.19361804 0.12350842 -0.20018106 0.17232949 0.18228084 
-0.31513862 -0.01586613 -0.19162033 0.09854253 -0.13687412 -0.08856619 0.14557054 0.23754462 -0.09774596 -0.04743945 0.10318171 0.21810231 0.05826256 0.02131276 -0.00284364 -0.08839623 -0.01366826 -0.28037889 0.04651288 -0.06651274 -0.04814124 0.22916160 -0.01834205 -0.10006848 -0.09068400 0.38212728 -0.19993760 0.10801440 0.10262465 0.14941704 0.11301030 -0.38946906 -0.02507761 -0.11511149 -0.14058110 -0.03816645 0.21379082 0.05618302 0.16138630 0.06588431 
-0.13761845 -0.35770012 -0.15062594 0.13782363 -0.18606771 0.14037794 -0.19090880 -0.04701812 0.13139597 0.14612401 -0.01969359 0.08264831 -0.03175114 0.08147050 -0.10430113 0.06072165 0.01573277 0.26502521 0.13504451 0.09882728 -0.07352918 0.35510325 0.08440133 -0.08682294 -0.06185244 -0.38736076 0.23315194 0.07895775 -0.14724821 0.08765916 -0.21773526 -0.20025536 -0.09899864 -0.04670149 0.01837190 -0.05125170 0.09076632 0.19738874 0.07593722 0.08051162 
-0.04981129 0.08680118 0.14066893 -0.07155422 -0.45060679 -0.06456033 -0.06256979 -0.17654014 -0.07011435 0.23739601 0.07121583 0.10375944 0.40784111 0.00359102 0.08678688 0.12982533 -0.03418752 0.08384823 0.03675234 0.10597863 0.00380173 -0.00595459 0.06899097 -0.00899223 0.09789246 -0.06567349 -0.22810648 -0.24130177 0.27900959 0.16724194 -0.00404358 0.08564907 -0.08265647 -0.26219263 0.11299583 -0.20638700 -0.05898140 -0.16539530 -0.12302071 0.12260355 
-0.07156571 0.15012765 -0.18466239 0.07348993 0.03709318 -0.08906162 0.10792792 -0.00692738 -0.05217795 -0.09275978 0.04411069 -0.09649570 0.07326951 -0.02054387 -0.19660607 0.01837157 -0.03585069 0.10093298 0.16380271 0.13240491 0.41436538 -0.06926134 -0.11067662 -0.17346715 0.26300722 0.03743087 0.07540967 -0.12517910 0.29129622 -0.34062998 -0.21876742 -0.11063693 -0.16290109 -0.04602791 0.13062436 -0.07952546 -0.04499008 0.29040764 0.15679828 -0.23215644 
-0.28046097 0.00860831 -0.14098704 -0.17213551 -0.08972478 0.01712243 0.12517791 0.03831058 -0.30555660 0.01535036 0.05266133 0.02682309 -0.03007703 0.13483379 -0.17957126 -0.18360971 -0.06923408 0.04719252 0.20927342 -0.12678647 -0.23202533 -0.10191904 0.05561343 0.14803236 0.39065588 -0.09057919 0.15004365 -0.27389549 -0.12126781 0.24992787 0.13037447 0.07400482 0.10505112 0.21613114 0.08816558 0.14014936 -0.16554991 0.00643038 0.18612589 -0.05267950 
0.04819262 0.03973238 0.31703618 0.30572062 -0.20307864 0.11192278 0.00101971 0.04636727 -0.12225460 -0.19465376 0.15851849 -0.08664919 0.10175075 -0.14949513 -0.20898935 -0.19505829 -0.19250440 -0.03589753 0.05449026 0.02093442 0.11318163 0.15893033 -0.03529745 -0.03150092 -0.12628234 0.16379517 0.03423839 -0.19400116 -0.30987513 0.06542521 -0.15347146 0.07850945 0.33085290 -0.08923319 0.17027941 0.09190098 0.06219973 0.17087300 -0.24325556 -0.07437358 
0.06879567 0.35172121 -0.12447058 0.01576241 0.04489251 0.02257824 -0.39537735 -0.07313258 0.02146471 0.07639586 0.01016527 -0.02075390 0.13781695 0.09206633 0.17477856 -0.08049045 0.12853139 -0.29303715 0.17535859 0.11866860 -0.13208967 0.27361911 0.01044327 -0.02212928 0.07766110 0.01920621 0.15309887 -0.17228353 -0.26173421 -0.29176672 0.05146459 0.04007561 0.10789028 -0.07930399 -0.05564007 -0.14891994 0.08266146 -0.18974323 0.23397108 -0.14821523 
0.12452605 -0.09311724 0.05786764 -0.20877110 -0.12918335 0.01571766 -0.00923580 0.08754658 -0.08267299 -0.24322159 -0.03119616 -0.00793407 -0.13600931 0.32164471 0.24560528 -0.16331811 0.06867282 0.03262661 0.07765745 -0.04839742 0.13353010 0.05438164 -0.18986560 -0.12431619 -0.12247457 -0.13155636 0.09138938 0.09804891 0.15582829 -0.02520044 0.08457303 -0.16149112 0.22038627 -0.35376462 0.36362267 0.22147725 -0.18384378 -0.16377497 0.13120893 0.02303353 
0.17109301 -0.00468721 0.05045696 0.08753382 0.14566199 -0.07779898 -0.00632691 0.34352521 -0.06448970 0.09593590 -0.17532183 -0.03581819 0.27331374 -0.00744861 0.11419761 -0.18633918 -0.06544579 -0.17982309 0.09718518 -0.12601942 -0.34912832 -0.02230619 0.27317848 -0.05942362 -0.07912780 -0.12113655 0.03888232 -0.11166235 0.17155443 -0.10728892 -0.14721931 -0.02676558 -0.32458097 -0.06002785 0.15384211 0.31512452 -0.00121854 0.18214479 -0.14303204 -0.03119307 
-0.18260399 -0.22593658 -0.10155760 0.10831415 0.26704822 0.12921719 -0.14868377 0.08598406 0.02168047 0.12164864 -0.12663981 0.04246912 0.13934361 -0.26073335 0.14992745 -0.18748047 0.08410163 -0.22048175 -0.11160151 -0.02531786 0.35573288 -0.11247147 0.00611373 0.10349767 0.15577885 -0.18464781 0.02816405 -0.13119343 0.04807805 0.09876631 0.06804793 -0.24050652 0.18455331 0.12982850 0.28470984 -0.14557406 0.09546185 -0.17232919 -0.18317325 0.05246489 
-0.02110376 0.23452001 0.03500330 -0.03217352 -0.09892149 -0.08562819 -0.02449627 -0.05213450 -0.02249002 -0.18636548 -0.07240750 0.12761428 -0.01921083 0.27316385 -0.08044511 0.19255364 -0.38904138 -0.10349969 -0.07459205 -0.13753827 0.07632936 -0.10914158 0.12470733 0.01837361 -0.07098572 -0.26651606 0.23521729 0.03367667 0.01931212 -0.06491564 0.36334104 -0.08681838 -0.03824490 0.06117776 0.09072296 -0.13715980 0.41065417 0.10545705 -0.19052623 -0.03746807 
0.09626990 -0.01411345 0.25106895 0.03553448 -0.11977629 -0.04383921 0.17930819 -0.01251288 -0.09546785 0.03866622 0.06776485 -0.13210164 -0.10069186 0.07020814 0.08018301 -0.36636939 0.02910060 -0.02709803 0.06717731 -0.10297401 -0.13612843 -0.10737386 -0.00064182 0.30369273 0.26928984 -0.06655724 0.05531336 0.29843217 0.04607011 -0.18487805 -0.29393528 -0.08711784 0.02980455 -0.06506867 -0.05163710 -0.38068809 0.24358755 -0.00917702 0.04485996 0.19181608 
-0.43226413 0.47957477 0.01332164 0.03469674 -0.17501976 0.00195421 -0.07431913 0.21293910 0.18981367 -0.10246405 -0.19220550 -0.00248171 -0.18409576 -0.03779723 0.13356898 -0.06439794 0.24346222 0.08504440 -0.04332288 -0.05128032 0.04562374 -0.11011220 -0.01855344 0.08732934 -0.14076100 -0.15896567 -0.21536239 -0.00789296 -0.17709031 -0.01162642 -0.11015836 0.08776227 -0.09674862 0.02460340 0.16386590 -0.01816177 -0.09080791 0.20062043 -0.00456005 0.19435652 
0.00000000 -0.00440625 -0.08841958 0.39562327 -0.06568612 -0.06634766 0.17423752 -0.29691661 -0.08733087 -0.20748592 0.00733022 0.39166685 0.08871668 -0.07385085 -0.23415778 -0.10243555 0.32975830 -0.04147502 -0.00149893 -0.13609066 -0.02174845 -0.10833012 0.09391796 0.06496448 -0.12517841 -0.05987516 0.15061602 0.11339120 -0.07812754 -0.13602447 0.05944730 0.05308300 -0.22725039 -0.07365922 0.11843264 0.03053445 -0.15029567 -0.29848066 -0.00344760 -0.04383435 
0.00000000 0.33649470 0.23426335 -0.00627837 0.27495542 0.29325316 0.17562695 -0.07546627 -0.06335638 0.12115379 -0.30417032 0.15589047 0.03323396 0.03221999 -0.03805079 0.04637353 0.06226014 0.07097300 -0.05485234 0.02847539 -0.09301009 0.19077929 -0.22244464 -0.11912614 0.05826669 0.19480289 0.40702452 0.01076858 0.12701907 0.27312591 -0.05460181 -0.10194904 -0.05843500 -0.05727120 0.04630564 -0.13205083 -0.08298731 0.04906757 -0.06824452 0.13979932 
0.00000000 0.06155172 0.03943630 0.07959001 0.30675335 0.24349506 0.02984003 -0.10873515 0.18482862 -0.25935236 0.39052212 0.01904763 -0.03438504 0.02596947 -0.02446380 0.07026409 0.17246051 0.05158271 -0.02941845 0.17805488 -0.27915406 0.09876984 -0.01847474 0.08893570 0.30296422 -0.13301548 -0.28752435 -0.02010592 0.09602520 0.05992202 0.17539996 -0.02551511 -0.04768269 -0.19290959 0.20773132 0.10863569 0.21408712 0.13341800 -0.06809581 -0.01147680 
0.00000000 0.01675619 -0.02255436 0.02695096 0.01115060 0.23256136 0.04999623 0.08725878 0.06437419 -0.29148360 0.18948107 -0.19947286 0.01397232 0.14146440 0.13608360 0.12399045 0.01273487 0.03708716 -0.02452048 -0.51641212 0.12106717 0.16742801 0.20867185 -0.30867022 0.14464687 0.00578574 -0.01687158 -0.15006434 -0.02749053 0.06010981 -0.20870216 0.01175406 -0.16826127 0.13014364 -0.10670584 -0.15008896 -0.05293159 -0.28169447 -0.07956731 0.07389836 
0.00000000 0.06083478 -0.04851594 0.35214232 0.03507472 0.00819999 -0.03894669 -0.14251088 -0.29674172 0.31778028 0.02861838 -0.34529021 -0.13860834 0.26086108 0.11061936 -0.00097455 0.12920703 0.10932630 0.15366371 -0.04282005 0.24283324 0.07614811 0.01025415 0.12076363 0.03355898 0.09685251 -0.04630644 0.00070572 -0.04718571 -0.03694071 0.30283498 -0.07048567 -0.16345087 -0.04949901 -0.09940997 0.23215354 0.00413567 0.05127479 -0.22028130 0.21829501 
0.00000000 0.02121287 -0.33514459 0.06075815 0.21856511 0.12280147 -0.08155120 -0.16137897 -0.00803791 -0.12022456 -0.05575086 0.24762168 -0.11433089 0.12079844 0.07715138 -0.16194500 -0.34154692 -0.04300631 0.33972876 0.09222750 -0.03789734 -0.12414516 0.14426973 -0.08158763 -0.04561708 0.03791027 -0.16192876 0.06756947 0.06234245 -0.00622206 -0.12345122 0.14736922 0.17539330 -0.13033172 -0.11047999 -0.17565057 -0.25006156 0.09189202 -0.25898747 0.24169613 
0.00000000 -0.11726191 -0.12196671 0.04835173 -0.10798418 0.43077282 -0.31694364 0.29862957 -0.43779450 -0.18023939 0.04950770 -0.03505754 0.02129239 -0.03631818 -0.01959355 0.17047978 0.00538966 -0.06272853 -0.18618303 0.16103868 -0.01255038 -0.23199887 -0.06394230 0.11094198 -0.02687748 0.09921811 0.13182719 0.10945199 0.04796129 -0.00622275 -0.01241153 0.23216525 -0.20101867 -0.12366712 -0.00535832 -0.09635947 0.04467495 0.02208724 0.12294570 0.09619883 
0.00000000 0.02929335 0.04334049 0.31279396 0.07739409 -0.41697388 -0.13448162 0.05041374 -0.14270902 -0.01778801 0.31506918 0.00423270 -0.24859378 -0.02318195 0.13706399 0.18120893 -0.04640662 -0.05862165 -0.18100031 0.07466148 -0.18811551 0.12959780 0.00056575 -0.01922751 -0.07652885 -0.02700110 0.16673012 -0.10754818 0.26151588 0.03388885 -0.06360231 0.00261682 0.12732127 0.25346306 0.20717456 -0.16812905 -0.23168987 0.04240366 0.07672636 0.18968974 
0.00000000 0.02285569 -0.09794161 0.01141610 0.15209086 -0.04018629 0.05193696 0.05421710 0.11311049 0.13317659 0.17799123 -0.16971067 -0.03221815 0.25916759 -0.21686597 -0.22960522 -0.13236707 -0.16686588 0.09410968 0.08241165 0.06233212 0.00572097 -0.35905152 0.06511137 -0.32875978 -0.11787080 -0.07771415 -0.06000706 0.00399224 0.30063153 -0.11835171 0.20047573 -0.32744756 0.04086909 0.14367262 -0.16029930 0.09765808 -0.21940142 0.02811921 -0.11139974 
0.00000000 -0.07474454 -0.01331906 -0.09814099 0.13548326 0.01625691 0.02500818 -0.24610415 -0.11010689 0.21225640 0.12267631 0.25959931 0.07287319 0.08029821 0.18942617 0.01515744 -0.04839199 -0.16506859 -0.24725681 -0.40023739 0.21296751 0.16148310 -0.02452578 0.11633586 -0.00424020 -0.00185296 -0.07555871 0.04152537 -0.10034725 0.00616919 -0.12098373 0.31722571 -0.01301102 -0.11813353 0.13410973 0.05405555 0.02063061 0.39671212 0.23422989 -0.01694262 
0.00000000 -0.08984748 -0.03277241 -0.23061443 0.08396739 -0.02632994 -0.11613984 -0.29807192 -0.23417638 -0.02620366 -0.01948156 -0.20639945 -0.06946974 -0.29722327 -0.06209239 0.04960848 0.16488901 0.06871568 0.25609472 -0.27699062 -0.23458407 -0.16893875 -0.11430193 -0.22575211 -0.29001557 0.08039326 -0.07234543 -0.14170048 -0.04750834 -0.04736557 0.07678312 -0.13843446 -0.03495928 -0.02632973 0.22121367 -0.22173296 0.18011418 0.14621988 0.01545444 0.09089686 
0.00000000 0.10946721 0.02260729 0.06099081 0.07393799 0.03295051 0.00398128 0.02304776 -0.28681666 0.22363650 -0.23489700 -0.00389281 -0.31297938 0.06973411 -0.31811525 0.31076847 -0.02489124 -0.16984384 -0.07638761 -0.03553379 -0.05609333 0.04737006 0.15476675 -0.07954902 0.08792396 -0.14005118 -0.34038062 0.09353519 -0.02509324 -0.01018350 -0.29543476 -0.09377982 0.17500637 -0.14590755 0.14587518 0.05164119 0.05342010 -0.23364485 0.00520187 -0.18518380 
0.00000000 0.00414679 -0.04357676 0.28855108 0.02359483 -0.13918707 0.02775373 -0.09841820 -0.20996489 -0.14503218 -0.20342369 0.08570111 0.15092447 -0.01584435 0.43454308 0.03430091 -0.17468572 0.24358141 0.02874767 0.06943161 -0.09971456 -0.09358160 -0.34520063 -0.21300151 0.15171494 -0.07246821 -0.16647665 0.11020940 -0.16647103 0.13500929 -0.12843445 0.04888251 -0.03817851 0.17274706 0.00440336 0.11255853 0.25071691 -0.10428762 0.09022723 -0.14145938 
0.00000000 -0.10349863 0.26933868 0.12828486 0.14698009 -0.03062059 -0.43418070 0.11747125 0.09852966 0.04947822 -0.04651717 0.21560560 0.17956344 0.43379397 -0.27003059 -0.08932082 0.10647888 0.26155861 -0.02615662 -0.19500174 -0.03102821 -0.20030101 -0.08428863 -0.04334414 0.01875843 0.19245218 -0.19014307 -0.03660609 0.05535567 -0.08712872 0.02498352 -0.08758091 0.10877737 0.14963017 -0.01611464 -0.07688800 -0.02007421 0.04676023 0.08899125 -0.00709114 
0.00000000 -0.04694617 0.02654369 -0.20266099 0.17778219 -0.23217122 -0.00659457 -0.07549916 -0.18432703 -0.20491300 -0.16156263 -0.03927365 -0.00001879 0.12607089 -0.01442699 -0.21821728 0.10365754 0.20811806 -0.15889631 0.33303853 0.16527273 0.17836071 0.50196845 -0.04054120 -0.03810174 0.19811725 -0.04187949 -0.03346572 -0.10305303 0.14317949 -0.03629787 0.11454644 -0.12225143 0.03384357 0.16444185 -0.09134407 0.19571432 -0.04279639 0.08472146 0.08091305 
0.00000000 0.01989782 -0.13551951 0.24041203 0.11381811 -0.21203133 -0.00462579 0.02938614 0.09856999 -0.07768396 -0.14440868 -0.38509610 0.21005039 -0.00732068 -0.08580479 -0.00751836 -0.00177704 0.02123218 -0.18244371 -0.13691536 -0.07320988 -0.12863129 0.08822887 -0.05848902 0.06752896 -0.11344420 0.05773824 0.13282177 -0.08002711 0.31139086 0.16476976 0.02348969 0.15557437 -0.43529073 -0.11393688 -0.22658635 -0.18349713 0.14265253 0.16646074 -0.11550253 
0.00000000 -0.06710081 0.00482384 -0.19045896 -0.04867635 -0.22560191 -0.24521468 -0.11100974 -0.17131995 -0.17960656 -0.04521440 0.08402727 -0.16985145 0.01850904 -0.06059707 -0.19986510 0.07274521 -0.14472073 -0.31652698 0.00838808 -0.03805310 0.09593132 -0.27189572 -0.04492599 0.19386289 -0.11174145 -0.03195813 -0.17563118 -0.09305422 0.02521569 -0.08412390 -0.17184708 -0.23997781 -0.13566760 -0.29408387 -0.00552936 -0.14452786 0.10483382 -0.38222006 -0.09242838 
0.00000000 0.00439463 0.04319900 -0.13432630 0.11864635 -0.28817255 -0.03576218 0.29427739 -0.06982402 0.04389319 0.22025841 0.19014680 0.02067093 0.02128839 0.07066935 0.25436567 0.35577647 -0.00162117 0.38223887 -0.02117436 0.14376465 -0.10400693 0.01337197 -0.03171810 0.07632906 0.00250518 0.19398072 0.18386042 -0.12033186 0.21705015 -0.10682193 0.16223467 0.07739014 -0.12240240 -0.05025457 -0.04134735 0.12418133 0.04632046 -0.29585927 -0.14257023 
0.60713247 0.14984992 -0.18384986 0.05010865 -0.22992447 0.02394146 -0.08078742 0.02116665 0.01603759 -0.10299578 -0.14790976 0.06445616 -0.02564796 -0.06415260 -0.14868274 -0.06126671 0.22757138 -0.15279311 0.10186469 -0.04372744 0.13889516 0.07493242 -0.02580228 -0.01643093 0.10589628 -0.11905865 -0.15321539 0.01547477 0.12546406 0.31456928 0.04552926 0.00618533 0.05976598 0.27283092 -0.01735609 0.01128159 0.07195375 0.19270277 0.11890737 0.17497635 
